Subcorp	\Filename	ID	Start	End	Text	Comment	Role	ParentID	doc_completeness	prosub	1st	2nd	address
2005	2005-Johor1.txt	214	87	93	engkau					1	0	1	0
2005	2005-Johor1.txt	6	98	102	Long					1	0	0	1
2005	2005-Johor1.txt	7	426	430	Long					1	0	0	1
2005	2005-Johor1.txt	321	441	445	Long					1	0	0	1
2005	2005-Johor1.txt	322	447	451	Long					1	0	0	1
2005	2005-Johor1.txt	8	459	462	Mak					1	0	0	1
2005	2005-Johor1.txt	1	788	794	Engkau					1	0	1	0
2005	2005-Johor1.txt	9	1016	1024	Mak Ngah					1	0	0	1
2005	2005-Johor1.txt	3	1145	1153	Mak Ngah					1	0	0	1
2005	2005-Johor1.txt	26	1155	1163	Mak Ngah					1	0	0	1
2005	2005-Johor1.txt	4	1277	1280	Bik					1	0	0	1
2005	2005-Johor1.txt	5	1319	1325	engkau					1	0	1	0
2005	2005-Johor1.txt	2	1352	1355	Eti					1	0	0	1
2005	2005-Johor1.txt	10	1391	1394	aku					1	1	0	0
2005	2005-Johor1.txt	11	1439	1442	Nah					1	0	0	1
2005	2005-Johor1.txt	12	1488	1492	Long					1	0	0	1
2005	2005-Johor1.txt	13	1561	1568	Saripah					1	0	0	1
2005	2005-Johor1.txt	14	1591	1594	Mak					1	0	0	1
2005	2005-Johor1.txt	27	1610	1613	Mak					1	0	0	1
2005	2005-Johor1.txt	28	1617	1622	Abang					1	0	0	1
2005	2005-Johor1.txt	29	1694	1697	Mak					1	0	0	1
2005	2005-Johor1.txt	30	1726	1730	kamu					1	0	1	0
2005	2005-Johor1.txt	215	2129	2133	Bang					1	0	0	1
2005	2005-Johor1.txt	323	2205	2209	awak					1	0	1	0
2005	2005-Johor1.txt	31	2231	2234	Bah					1	0	0	1
2005	2005-Johor1.txt	324	2247	2250	Bah					1	0	0	1
2005	2005-Johor1.txt	325	2258	2264	Engaku					1	0	1	0
2005	2005-Johor1.txt	15	2371	2373	Nu					1	0	0	1
2005	2005-Johor1.txt	16	2391	2397	engkau					1	0	1	0
2005	2005-Johor1.txt	216	2407	2410	Mak					1	0	0	1
2005	2005-Johor1.txt	32	2527	2530	Aku					1	1	0	0
2005	2005-Johor1.txt	326	2654	2658	Long					1	0	0	1
2005	2005-Johor1.txt	327	2666	2670	Long					1	0	0	1
2005	2005-Johor1.txt	328	2695	2699	Long					1	0	0	1
2005	2005-Johor1.txt	329	2719	2725	engkau					1	0	1	0
2005	2005-Johor1.txt	17	2769	2773	Long					1	0	0	1
2005	2005-Johor1.txt	18	2851	2854	Lan					1	0	0	1
2005	2005-Johor1.txt	19	2892	2895	Lan					1	0	0	1
2005	2005-Johor1.txt	20	3177	3181	Nuar					1	0	0	1
2005	2005-Johor1.txt	33	3260	3263	Nah					1	0	1	0
2005	2005-Johor1.txt	34	3697	3700	Mak					1	0	0	1
2005	2005-Johor1.txt	35	3740	3744	saya					1	1	0	0
2005	2005-Johor1.txt	36	3811	3814	Mak					1	0	0	1
2005	2005-Johor1.txt	217	3838	3844	engkau					1	0	1	0
2005	2005-Johor1.txt	21	3879	3883	Long					1	0	0	1
2005	2005-Johor1.txt	22	3999	4002	Mah					1	0	0	1
2005	2005-Johor1.txt	96	4037	4042	arong					1	0	0	1
2005	2005-Johor1.txt	23	4244	4247	Mak					1	0	0	1
2005	2005-Johor1.txt	218	4309	4313	saya					1	1	0	0
2005	2005-Johor1.txt	330	4391	4397	sayang					1	0	0	1
2005	2005-Johor1.txt	331	4399	4405	sayang					1	0	0	1
2005	2005-Johor1.txt	25	4433	4439	Engkau					1	0	1	0
2005	2005-Johor1.txt	332	4456	4462	Sayang					1	0	0	1
2005	2005-Johor1.txt	333	4464	4470	sayang					1	0	0	1
2005	2005-Johor1.txt	334	4568	4575	Mak Tam					1	0	0	1
2005	2005-Johor1.txt	219	4577	4584	Mak Tam					1	0	0	1
2005	2005-Johor1.txt	220	4976	4984	Kak Long					1	0	0	1
2005	2005-Johor1.txt	221	4986	4994	Kak Long					1	0	0	1
2005	2005-Johor1.txt	222	5035	5038	Mak					1	0	0	1
2005	2005-Johor1.txt	223	5092	5095	Mak					1	0	0	1
2005	2005-Johor1.txt	224	5161	5164	Nah					1	0	0	1
2005	2005-Johor1.txt	225	5227	5230	Mak					1	0	0	1
2005	2005-Johor1.txt	37	5284	5288	Long					1	0	0	1
2005	2005-Johor1.txt	38	5523	5526	aku					1	1	0	0
2005	2005-Johor1.txt	39	5606	5610	Mama					1	0	0	1
2005	2005-Johor1.txt	40	5622	5626	Adik					1	0	0	1
2005	2005-Johor1.txt	227	5644	5648	Ngah					1	0	0	1
2005	2005-Johor1.txt	41	5668	5671	Dik					1	0	0	1
2005	2005-Johor1.txt	226	5687	5690	Dik					1	0	0	1
2005	2005-Johor1.txt	228	5698	5702	Adik					1	0	0	1
2005	2005-Johor1.txt	335	5773	5776	aku					1	1	0	0
2005	2005-Johor1.txt	42	5950	5954	Awak					1	0	1	0
2005	2005-Johor1.txt	43	6035	6042	Kak Nah					1	0	0	1
2005	2005-Johor1.txt	44	6206	6216	Pak Anjang					1	0	1	0
2005	2005-Johor1.txt	45	6249	6252	Mah					1	0	0	1
2005	2005-Johor1.txt	46	6273	6276	Mah					1	0	0	1
2005	2005-Johor1.txt	47	6300	6303	kau					1	0	1	0
2005	2005-Johor1.txt	229	6304	6308	Long					1	0	0	1
2005	2005-Johor1.txt	230	6316	6323	Mak nak					1	0	0	1
2005	2005-Johor1.txt	336	6333	6336	Aku					1	1	0	0
2005	2005-Johor1.txt	337	6375	6382	Mak Nek					1	0	0	1
2005	2005-Johor1.txt	338	6421	6424	Nah					1	0	0	1
2005	2005-Johor1.txt	339	6433	6437	Long					1	0	0	1
2005	2005-Johor1.txt	340	6439	6445	engkau					1	0	1	0
2005	2005-Johor1.txt	341	6462	6466	Long					1	0	0	1
2005	2005-Johor1.txt	342	6494	6498	Long					1	0	0	1
2005	2005-Johor1.txt	48	6617	6620	Tam					1	0	0	1
2005	2005-Johor1.txt	49	6628	6631	Mak					1	0	0	1
2005	2005-Johor1.txt	50	6881	6885	Long					1	0	0	1
2005	2005-Johor1.txt	51	6934	6937	Ana					1	0	0	1
2005	2005-Johor1.txt	52	6966	6968	Li					1	0	0	1
2005	2005-Johor1.txt	53	6989	6992	Aku					1	1	0	0
2005	2005-Johor1.txt	54	7070	7074	Long					1	0	0	1
2005	2005-Johor1.txt	55	7155	7161	engkau					1	0	1	0
2005	2005-Johor1.txt	56	7177	7180	Aku					1	1	0	0
2005	2005-Johor1.txt	57	7232	7236	Diah					1	0	0	1
2005	2005-Johor1.txt	58	7320	7324	Diah					1	0	0	1
2005	2005-Johor1.txt	59	7495	7503	Kak Long					1	0	0	1
2005	2005-Johor1.txt	60	7505	7513	Kak Long					1	0	0	1
2005	2005-Johor1.txt	61	7578	7581	Mak					1	0	0	1
2005	2005-Johor1.txt	62	7619	7623	Long					1	0	0	1
2005	2005-Johor1.txt	63	7653	7656	Wak					1	0	1	0
2005	2005-Johor1.txt	231	7667	7674	Kak Nab					1	0	0	1
2005	2005-Johor1.txt	232	7776	7780	Esah					1	0	0	1
2005	2005-Johor1.txt	64	7876	7880	Long					1	0	0	1
2005	2005-Johor1.txt	65	7999	8002	aku					1	1	0	0
2005	2005-Johor1.txt	66	8251	8255	Long					1	0	0	1
2005	2005-Johor1.txt	67	8381	8388	Pak Uda					1	0	0	1
2005	2005-Johor1.txt	68	8413	8416	Mak					1	0	0	1
2005	2005-Johor1.txt	69	8605	8609	Ayah					1	0	0	1
2005	2005-Johor1.txt	70	8617	8620	Mak					1	0	0	1
2005	2005-Johor1.txt	71	8731	8735	Ayah					1	0	0	1
2005	2005-Johor1.txt	72	8942	8945	Nor					1	0	0	1
2005	2005-Johor1.txt	73	8959	8962	Mak					1	0	0	1
2005	2005-Johor1.txt	74	9019	9023	Long					1	0	0	1
2005	2005-Johor1.txt	75	9072	9080	Mak Ngah					1	0	0	1
2005	2005-Johor1.txt	76	9110	9114	Bang					1	0	0	1
2005	2005-Johor1.txt	77	9125	9129	bang					1	0	0	1
2005	2005-Johor1.txt	233	9162	9165	Bah					1	0	0	1
2005	2005-Johor1.txt	234	9172	9175	Bah					1	0	0	1
2005	2005-Johor1.txt	235	9183	9188	Abang					1	0	0	0
2005	2005-Johor1.txt	236	9194	9199	abang					1	0	0	1
2005	2005-Johor1.txt	343	9208	9211	Mak					1	0	0	1
2005	2005-Johor1.txt	344	9254	9258	Long					1	0	0	1
2005	2005-Johor1.txt	78	9332	9336	Mama					1	1	0	0
2005	2005-Johor1.txt	79	9351	9354	Boy					1	0	0	1
2005	2005-Johor1.txt	80	9362	9365	Kak					1	0	0	1
2005	2005-Johor1.txt	345	9396	9402	engkau					1	0	1	0
2005	2005-Johor1.txt	81	9515	9518	Mak					1	0	0	1
2005	2005-Johor1.txt	82	9520	9523	mak					1	0	0	1
2005	2005-Johor1.txt	83	9945	9949	ljah					1	0	0	1
2005	2005-Johor1.txt	84	9967	9970	Mak					1	0	0	1
2005	2005-Johor1.txt	85	9972	9975	Cik					1	0	0	1
2005	2005-Johor1.txt	86	9977	9980	Cik					1	0	0	1
2005	2005-Johor1.txt	87	10031	10039	Mak Long					1	0	0	1
2005	2005-Johor1.txt	88	10063	10071	Mak Long					1	0	0	1
2005	2005-Johor1.txt	89	10146	10149	mak					1	0	0	1
2005	2005-Johor1.txt	90	10292	10296	kita					1	1	0	0
2005	2005-Johor1.txt	91	10421	10425	kita					1	1	0	0
2005	2005-Johor1.txt	92	10455	10459	saya					1	1	0	0
2005	2005-Johor1.txt	93	10517	10520	kau					1	0	1	0
2005	2005-Johor1.txt	94	10540	10543	kau					1	0	1	0
2005	2005-Johor1.txt	95	10567	10570	kau					1	0	1	0
2005	2005-Johor1.txt	24	10631	10634	aku					1	1	0	0
2005	2005-Johor1.txt	97	10782	10785	Kau					1	0	1	0
2005	2005-Johor1.txt	98	10840	10843	Aku					1	1	0	0
2005	2005-Johor1.txt	237	10947	10950	kau					1	0	1	0
2005	2005-Johor1.txt	238	11066	11072	sayang					1	0	0	1
2005	2005-Johor1.txt	239	11288	11295	Kak Teh					1	0	0	1
2005	2005-Johor1.txt	240	11346	11352	engkau					1	0	1	0
2005	2005-Johor1.txt	241	11405	11411	engkau					1	0	1	0
2005	2005-Johor1.txt	242	12004	12008	Saya					1	1	0	0
2005	2005-Johor1.txt	243	12114	12117	aku					1	1	0	0
2005	2005-Johor1.txt	244	12453	12458	abang					1	0	0	1
2005	2005-Johor1.txt	245	12497	12502	Along					1	0	0	1
2005	2005-Johor1.txt	246	12510	12515	Along					1	0	0	1
2005	2005-Johor1.txt	247	12538	12542	Long					1	0	0	1
2005	2005-Johor1.txt	248	12561	12564	Boy					1	0	0	1
2005	2005-Johor1.txt	249	12584	12587	Aku					1	1	0	0
2005	2005-Johor1.txt	250	12668	12671	Dik					1	0	0	1
2005	2005-Johor1.txt	346	12673	12676	Dik					1	0	0	1
2005	2005-Johor1.txt	347	12678	12682	Adik					1	0	0	1
2005	2005-Johor1.txt	348	12928	12931	Aku					1	1	0	0
2005	2005-Johor1.txt	349	12951	12954	aku					1	1	0	0
2005	2005-Johor1.txt	350	12955	12957	Li					1	0	0	1
2005	2005-Johor1.txt	99	13227	13230	Aku					1	1	0	0
2005	2005-Johor1.txt	100	13291	13294	Tam					1	0	0	1
2005	2005-Johor1.txt	101	13302	13306	Adik					1	0	0	1
2005	2005-Johor1.txt	102	13314	13318	Adik					1	0	0	1
2005	2005-Johor1.txt	103	13493	13496	Tam					1	0	0	1
2005	2005-Johor1.txt	104	13624	13631	Kak Teh					1	0	0	1
2005	2005-Johor1.txt	105	13643	13649	engkau					1	0	1	0
2005	2005-Johor1.txt	251	13729	13732	aku					1	1	0	0
2005	2005-Johor1.txt	252	13782	13785	Aku					1	1	0	0
2005	2005-Johor1.txt	253	13817	13820	Kak					1	0	0	1
2005	2005-Johor1.txt	106	13870	13876	engkau					1	0	1	0
2005	2005-Johor1.txt	107	13904	13907	kau					1	0	1	0
2005	2005-Johor1.txt	108	13982	13985	Mak					1	0	0	1
2005	2005-Johor1.txt	351	14003	14006	Mak					1	0	0	1
2005	2005-Johor1.txt	109	14250	14255	Fatin					1	0	0	1
2005	2005-Johor1.txt	110	14263	14266	Mak					1	0	0	1
2005	2005-Johor1.txt	254	14371	14375	Kita					1	1	0	0
2005	2005-Johor1.txt	111	14402	14405	Tin					1	0	0	1
2005	2005-Johor1.txt	255	14444	14449	Fatin					1	0	0	1
2005	2005-Johor1.txt	256	14497	14500	Kak					1	0	0	1
2005	2005-Johor1.txt	112	14605	14608	aku					1	1	0	0
2005	2005-Johor1.txt	113	14945	14948	kak					1	0	0	1
2005	2005-Johor1.txt	114	15212	15216	kamu					1	0	1	0
2005	2005-Johor1.txt	115	15737	15740	Kak					1	0	0	1
2005	2005-Johor1.txt	116	15748	15753	Fatin					1	0	0	1
2005	2005-Johor1.txt	117	15811	15814	Tin					1	0	0	1
2005	2005-Johor1.txt	118	15816	15819	Tin					1	0	0	1
2005	2005-Johor1.txt	119	16023	16027	Long					1	0	0	1
2005	2005-Johor1.txt	257	16035	16039	Long					1	0	0	1
2005	2005-Johor1.txt	258	16047	16052	Along					1	0	0	1
2005	2005-Johor1.txt	259	16137	16143	Engkau					1	0	1	0
2005	2005-Johor1.txt	120	16442	16446	Awak					1	0	1	0
2005	2005-Johor1.txt	121	16521	16529	Mak Ayah					1	0	0	1
2005	2005-Johor1.txt	260	16537	16541	Ayah					1	0	0	1
2005	2005-Johor1.txt	352	16549	16553	Ayah					1	0	0	1
2005	2005-Johor1.txt	353	16561	16565	Ayah					1	0	0	1
2005	2005-Johor1.txt	122	16963	16966	Mak					1	0	0	1
2005	2005-Johor1.txt	123	17153	17157	Kami					1	1	0	0
2005	2005-Johor1.txt	124	17503	17507	Long					1	0	0	1
2005	2005-Johor1.txt	125	17542	17545	aku					1	1	0	0
2005	2005-Johor1.txt	126	17594	17599	Fatin					1	0	0	1
2005	2005-Johor1.txt	127	17607	17612	Fatin					1	0	0	1
2005	2005-Johor1.txt	128	17792	17795	aku					1	1	0	0
2005	2005-Johor1.txt	129	17810	17816	engkau					1	0	1	0
2005	2005-Johor1.txt	262	18108	18111	Mak					1	0	0	1
2005	2005-Johor1.txt	263	18113	18116	mak					1	0	0	1
2005	2005-Johor1.txt	132	18350	18354	awak					1	0	1	0
2005	2005-Johor1.txt	133	18401	18407	Sayang					1	0	0	1
2005	2005-Johor1.txt	264	18415	18421	Engkau					1	0	1	0
2005	2005-Johor1.txt	354	18448	18451	Mak					1	0	0	1
2005	2005-Johor1.txt	355	18459	18465	Engkau					1	0	1	0
2005	2005-Johor1.txt	265	18530	18534	kita					1	1	0	0
2005	2005-Johor1.txt	356	18555	18560	Hakim					1	0	0	1
2005	2005-Johor1.txt	357	18605	18610	Farah					1	0	0	1
2005	2005-Johor1.txt	358	18618	18623	Farah					1	0	1	0
2005	2005-Johor1.txt	359	18655	18660	Farah					1	0	1	0
2005	2005-Johor1.txt	360	18682	18685	Mak					1	0	0	1
2005	2005-Johor1.txt	361	18775	18779	Mama					1	0	0	1
2005	2005-Johor1.txt	134	18975	18978	Lan					1	0	0	1
2005	2005-Johor1.txt	135	19044	19048	Kamu					1	0	1	0
2005	2005-Johor1.txt	136	19168	19171	Zul					1	0	0	1
2005	2005-Johor1.txt	137	19367	19373	engkau					1	0	1	0
2005	2005-Johor1.txt	138	19400	19406	Engkau					1	0	1	0
2005	2005-Johor1.txt	139	19492	19495	Mak					1	0	0	1
2005	2005-Johor1.txt	140	19561	19564	Teh					1	0	0	1
2005	2005-Johor1.txt	141	19679	19682	Mak					1	0	0	1
2005	2005-Johor1.txt	142	19766	19770	Ayah					1	0	0	1
2005	2005-Johor1.txt	143	19772	19776	Ayah					1	0	0	1
2005	2005-Johor1.txt	144	19778	19782	Ayah					1	0	0	1
2005	2005-Johor1.txt	266	19803	19807	Ayah					1	0	0	1
2005	2005-Johor1.txt	145	20078	20084	engkau					1	0	1	0
2005	2005-Johor1.txt	267	20144	20152	Pak Utih					1	0	0	1
2005	2005-Johor1.txt	146	20548	20551	aku					1	1	0	0
2005	2005-Johor1.txt	147	20655	20658	Mak					1	0	0	1
2005	2005-Johor1.txt	148	20660	20663	Mak					1	0	0	1
2005	2005-Johor1.txt	149	20829	20832	Mak					1	0	0	1
2005	2005-Johor1.txt	150	20900	20903	Mak					1	0	0	1
2005	2005-Johor1.txt	151	21053	21057	Yati					1	0	0	1
2005	2005-Johor1.txt	152	21127	21131	Faiz					1	0	0	1
2005	2005-Johor1.txt	268	21133	21137	Faiz					1	0	1	0
2005	2005-Johor1.txt	269	21426	21429	Mak					1	0	0	1
2005	2005-Johor1.txt	153	21514	21518	Mama					1	1	0	0
2005	2005-Johor1.txt	154	21553	21557	Mama					1	1	0	0
2005	2005-Johor1.txt	155	21817	21823	engkau					1	0	1	0
2005	2005-Johor1.txt	156	22067	22070	Mak					1	0	0	1
2005	2005-Johor1.txt	157	22134	22139	cikgu					1	0	1	0
2005	2005-Johor1.txt	158	22152	22155	Mak					1	0	0	1
2005	2005-Johor1.txt	270	22208	22212	kami					1	1	0	0
2005	2005-Johor1.txt	159	22502	22505	Mak					1	0	0	1
2005	2005-Johor1.txt	271	22532	22535	aku					1	1	0	0
2005	2005-Johor1.txt	272	22557	22560	Aku					1	1	0	0
2005	2005-Johor1.txt	273	22672	22675	Mak					1	0	0	1
2005	2005-Johor1.txt	274	22723	22726	aku					1	1	0	0
2005	2005-Johor1.txt	275	22728	22731	aku					1	1	0	0
2005	2005-Johor1.txt	276	22762	22765	kau					1	0	1	0
2005	2005-Johor1.txt	362	22793	22796	kau					1	1	0	0
2005	2005-Johor1.txt	160	22927	22931	kita					1	1	0	0
2005	2005-Johor1.txt	161	22953	22957	Long					1	0	0	1
2005	2005-Johor1.txt	162	22966	22970	Long					1	0	0	1
2005	2005-Johor1.txt	363	22980	22984	Long					1	0	0	1
2005	2005-Johor1.txt	163	23202	23206	saya					1	1	0	0
2005	2005-Johor1.txt	164	23225	23228	aku					1	1	0	0
2005	2005-Johor1.txt	277	23251	23255	Long					1	0	0	1
2005	2005-Johor1.txt	364	23257	23261	Long					1	0	0	1
2005	2005-Johor1.txt	165	23524	23530	Faizal					1	0	0	1
2005	2005-Johor1.txt	166	23538	23541	Mak					1	1	0	0
2005	2005-Johor1.txt	167	23563	23569	Faizal					1	0	0	1
2005	2005-Johor1.txt	278	23607	23610	Mak					1	0	0	1
2005	2005-Johor1.txt	279	23661	23664	Mak					1	1	0	0
2005	2005-Johor1.txt	280	23733	23738	Nadia					1	0	0	1
2005	2005-Johor1.txt	281	23742	23747	Nadia					1	0	0	1
2005	2005-Johor1.txt	282	23779	23785	sayang					1	0	0	1
2005	2005-Johor1.txt	168	23928	23931	kau					1	0	1	0
2005	2005-Johor1.txt	169	23962	23965	aku					1	1	0	0
2005	2005-Johor1.txt	170	24006	24010	Nora					1	0	0	1
2005	2005-Johor1.txt	365	24012	24015	aku					1	1	0	0
2005	2005-Johor1.txt	366	24026	24029	kau					1	0	1	0
2005	2005-Johor1.txt	171	24191	24194	aku					1	1	0	0
2005	2005-Johor1.txt	172	24232	24235	aku					1	1	0	0
2005	2005-Johor1.txt	283	24294	24298	kita					1	1	0	0
2005	2005-Johor1.txt	173	24440	24443	kau					1	0	1	0
2005	2005-Johor1.txt	174	24477	24480	kau					1	0	1	0
2005	2005-Johor1.txt	175	24570	24573	kau					1	0	1	0
2005	2005-Johor1.txt	176	24610	24614	Long					1	0	0	1
2005	2005-Johor1.txt	177	25123	25126	aku					1	1	0	0
2005	2005-Johor1.txt	178	25258	25261	Emi					1	0	0	1
2005	2005-Johor1.txt	179	25345	25348	aku					1	1	0	0
2005	2005-Johor1.txt	180	25394	25397	Aku					1	1	0	0
2005	2005-Johor1.txt	181	25418	25421	aku					1	1	0	0
2005	2005-Johor1.txt	284	25427	25430	aku					1	1	0	0
2005	2005-Johor1.txt	285	25497	25500	aku					1	1	0	0
2005	2005-Johor1.txt	286	25632	25635	aku					1	1	0	0
2005	2005-Johor1.txt	287	25653	25656	aku					1	1	0	0
2005	2005-Johor1.txt	288	25681	25684	kau					1	0	1	0
2005	2005-Johor1.txt	289	25691	25694	aku					1	1	0	0
2005	2005-Johor1.txt	290	25970	25973	aku					1	1	0	0
2005	2005-Johor1.txt	291	26000	26003	Aku					1	1	0	0
2005	2005-Johor1.txt	292	26018	26021	aku					1	1	0	0
2005	2005-Johor1.txt	367	26048	26051	aku					1	1	0	0
2005	2005-Johor1.txt	293	26101	26105	saya					1	1	0	0
2005	2005-Johor1.txt	368	26176	26179	aku					1	1	0	0
2005	2005-Johor1.txt	369	26204	26210	Mak Na					1	0	0	1
2005	2005-Johor1.txt	370	26261	26265	saya					1	1	0	0
2005	2005-Johor1.txt	294	26435	26439	Ndak					1	0	0	1
2005	2005-Johor1.txt	295	26444	26448	Ndak					1	0	0	1
2005	2005-Johor1.txt	296	26464	26467	Cik					1	0	0	1
2005	2005-Johor1.txt	297	26473	26476	kau					1	0	1	0
2005	2005-Johor1.txt	371	26506	26509	Aku					1	1	0	0
2005	2005-Johor1.txt	298	26593	26596	aku					1	1	0	0
2005	2005-Johor1.txt	299	26750	26753	Mak					1	0	0	1
2005	2005-Johor1.txt	183	26912	26915	aku					1	1	0	0
2005	2005-Johor1.txt	300	27090	27093	Tok					1	0	0	1
2005	2005-Johor1.txt	184	27203	27207	saya					1	1	0	0
2005	2005-Johor1.txt	301	27254	27258	saya					1	1	0	0
2005	2005-Johor1.txt	302	27472	27479	Mak Nah					1	0	0	1
2005	2005-Johor1.txt	185	28351	28355	Bang					1	0	0	1
2005	2005-Johor1.txt	186	28359	28363	Bang					1	0	0	1
2005	2005-Johor1.txt	187	28373	28374	I					1	1	0	0
2005	2005-Johor1.txt	303	28400	28403	you					1	0	1	0
2005	2005-Johor1.txt	304	28411	28412	I					1	1	0	0
2005	2005-Johor1.txt	305	28465	28470	Abang					1	1	0	0
2005	2005-Johor1.txt	306	28607	28613	engkau					1	0	1	0
2005	2005-Johor1.txt	307	28686	28692	sayang					1	0	0	1
2005	2005-Johor1.txt	188	28705	28708	kau					1	0	1	0
2005	2005-Johor1.txt	308	28717	28720	Kau					1	0	1	0
2005	2005-Johor1.txt	309	28762	28765	aku					1	0	0	1
2005	2005-Johor1.txt	189	29271	29275	kita					1	1	0	0
2005	2005-Johor1.txt	190	29412	29415	aku					1	1	0	0
2005	2005-Johor1.txt	191	29549	29550	I					1	1	0	0
2005	2005-Johor1.txt	192	29601	29605	kita					1	1	0	0
2005	2005-Johor1.txt	193	29819	29822	kau					1	0	1	0
2005	2005-Johor1.txt	310	29905	29908	kau					1	0	1	0
2005	2005-Johor1.txt	311	30205	30208	aku					1	1	0	0
2005	2005-Johor1.txt	312	30219	30227	Pak Ngah					1	0	0	1
2005	2005-Johor1.txt	313	30231	30239	Mak Ngah					1	0	0	1
2005	2005-Johor1.txt	314	30256	30259	aku					1	1	0	0
2005	2005-Johor1.txt	315	30379	30382	aku					1	1	0	0
2005	2005-Johor1.txt	316	30425	30429	kita					1	1	0	0
2005	2005-Johor1.txt	317	30614	30617	kau					1	0	1	0
2005	2005-Johor1.txt	372	30633	30636	Kau					1	0	1	0
2005	2005-Johor1.txt	373	30659	30662	Tam					1	0	0	1
2005	2005-Johor1.txt	374	30817	30820	aku					1	1	0	0
2005	2005-Johor1.txt	318	30980	30983	Aku					1	1	0	0
2005	2005-Johor1.txt	375	31252	31256	Kita					1	1	0	0
2005	2005-Johor1.txt	376	31616	31619	aku					1	1	0	0
2005	2005-Johor1.txt	194	31755	31759	kita					1	1	0	0
2005	2005-Johor1.txt	195	31790	31793	Aku					1	1	0	0
2005	2005-Johor1.txt	196	32092	32095	aku					1	1	0	0
2005	2005-Johor1.txt	319	32235	32238	Tam					1	0	0	1
2005	2005-Johor1.txt	377	32242	32245	Tam					1	0	1	0
2005	2005-Johor1.txt	378	32251	32254	Tam					1	0	0	1
2005	2005-Johor1.txt	379	32286	32289	Teh					1	0	0	1
2005	2005-Johor1.txt	380	32293	32296	teh					1	0	0	1
2005	2005-Johor1.txt	381	32319	32322	Teh					1	0	0	1
2005	2005-Johor1.txt	382	32467	32475	Mak Long					1	0	0	1
2005	2005-Johor1.txt	383	32490	32498	Mak Long					1	0	0	1
2005	2005-Johor1.txt	320	32786	32789	aku					1	1	0	0
2005	2005-Johor1.txt	384	32850	32853	aku					1	1	0	0
2005	2005-Johor1.txt	385	32872	32875	aku					1	1	0	0
2005	2005-Johor1.txt	386	33059	33062	Pun					1	0	0	1
2005	2005-Johor1.txt	387	33066	33069	Pun					1	0	0	1
2005	2005-Johor1.txt	388	33073	33076	Pun					1	0	0	1
2005	2005-Johor1.txt	389	33119	33122	Tok					1	0	0	1
2005	2005-Johor1.txt	390	33126	33129	tok					1	0	0	0
2005	2005-Johor1.txt	391	33133	33138	Sikin					1	1	0	0
2005	2005-Johor1.txt	392	33198	33201	kau					1	0	1	0
2005	2005-Johor1.txt	197	33646	33650	Long					1	0	0	1
2005	2005-Johor1.txt	198	33671	33675	Long					1	0	0	1
